0 0.2203125 0.25625 0.0453125 0.06484375
0 0.29609375 0.26640625 0.0296875 0.05703125
0 0.40390625 0.234375 0.05390625 0.096875
0 0.4515625 0.2015625 0.04375 0.0984375
0 0.5015625 0.26875 0.02890625 0.0546875
0 0.53125 0.2671875 0.02421875 0.05859375
0 0.6265625 0.2515625 0.02421875 0.04375
0 0.7796875 0.24609375 0.0203125 0.03203125
0 0.81328125 0.2484375 0.021875 0.03828125
0 0.83203125 0.2515625 0.0140625 0.02890625
0 0.9546875 0.24375 0.0171875 0.0296875
0 0.97890625 0.23671875 0.01484375 0.02734375
0 0.9921875 0.2421875 0.01171875 0.02578125
1 0.853125 0.23515625 0.0203125 0.0421875
1 0.87421875 0.221875 0.01484375 0.0375