0 0.01328125 0.24921875 0.02578125 0.09765625
0 0.04453125 0.26171875 0.0359375 0.08203125
0 0.44609375 0.2703125 0.02734375 0.05078125
0 0.478125 0.2796875 0.0265625 0.05078125
0 0.71640625 0.24453125 0.02421875 0.03828125
0 0.67578125 0.25625 0.0234375 0.04375
0 0.68984375 0.2546875 0.01171875 0.03203125
0 0.725 0.2390625 0.01875 0.05
0 0.77578125 0.25703125 0.01875 0.0328125
0 0.9359375 0.246875 0.01953125 0.0375
0 0.95 0.2421875 0.0125 0.034375
0 0.9953125 0.25078125 0.009375 0.021875
0 0.88828125 0.2421875 0.02578125 0.04921875
0 0.87265625 0.23671875 0.025 0.0546875
1 0.240625 0.24453125 0.04609375 0.09375
1 0.28984375 0.240625 0.046875 0.078125