0 0.24453125 0.25078125 0.04375 0.08515625
0 0.378125 0.24921875 0.0484375 0.08828125
0 0.37734375 0.20234375 0.05234375 0.05
0 0.61328125 0.25 0.03203125 0.0515625
0 0.68046875 0.24921875 0.03125 0.059375
0 0.69765625 0.23984375 0.021875 0.05234375
0 0.71796875 0.24765625 0.0203125 0.0359375
0 0.7921875 0.25625 0.01875 0.03515625
0 0.8078125 0.25859375 0.01328125 0.03203125
0 0.93984375 0.2453125 0.0125 0.02734375
0 0.95078125 0.2421875 0.0171875 0.03046875
0 0.9578125 0.23828125 0.01328125 0.03125
1 0.7375 0.26484375 0.015625 0.0296875