0 0.6 0.24140625 0.0453125 0.08515625
0 0.63125 0.2125 0.03984375 0.08203125
0 0.32734375 0.27109375 0.0390625 0.06796875
0 0.36484375 0.27421875 0.03125 0.0640625
0 0.5 0.25546875 0.02578125 0.05
0 0.1734375 0.2703125 0.16875 0.08125
0 0.703125 0.25078125 0.01953125 0.03515625
0 0.734375 0.253125 0.02578125 0.04140625
0 0.7546875 0.25234375 0.0203125 0.03359375
0 0.8953125 0.24375 0.0203125 0.0375
1 0.959375 0.22421875 0.01640625 0.0296875
1 0.9421875 0.2375 0.01640625 0.0328125
0 0.9171875 0.253125 0.0140625 0.02265625