0 0.01640625 0.2625 0.0328125 0.071875
0 0.303125 0.26328125 0.03203125 0.06015625
0 0.3421875 0.27578125 0.03515625 0.06171875
0 0.57265625 0.25625 0.03125 0.05078125
0 0.615625 0.24765625 0.03046875 0.05
0 0.63125 0.2421875 0.025 0.0515625
0 0.70625 0.2609375 0.02421875 0.034375
0 0.959375 0.2359375 0.02265625 0.04453125
0 0.9484375 0.23125 0.0234375 0.0515625
0 0.8734375 0.24609375 0.0234375 0.0390625
0 0.89140625 0.24140625 0.01640625 0.034375
1 0.45546875 0.24140625 0.0328125 0.071875
1 0.4921875 0.240625 0.0359375 0.07734375