0 0.66796875 0.3859375 0.02421875 0.04453125
0 0.703125 0.37421875 0.02109375 0.03203125
0 0.91796875 0.390625 0.02109375 0.03984375
0 0.98125 0.390625 0.02265625 0.0375
0 0.87109375 0.4015625 0.0203125 0.03125
0 0.8484375 0.3875 0.01953125 0.0328125
0 0.81640625 0.39609375 0.0203125 0.03671875
0 0.78828125 0.396875 0.02109375 0.03984375
0 0.3296875 0.3890625 0.01484375 0.02578125
0 0.21953125 0.29296875 0.03203125 0.05234375
0 0.13046875 0.390625 0.0140625 0.021875
0 0.1765625 0.3953125 0.01328125 0.025
1 0.68671875 0.41640625 0.0109375 0.02734375