1 0.15859375 0.21171875 0.0359375 0.07421875
1 0.490625 0.37421875 0.01796875 0.03828125
1 0.5421875 0.3265625 0.021875 0.04375
0 0.8015625 0.3921875 0.025 0.03984375
0 0.83984375 0.3734375 0.01875 0.0375
0 0.91875 0.37578125 0.021875 0.034375
0 0.9625 0.3921875 0.0171875 0.0375
0 0.703125 0.39140625 0.0140625 0.03203125
0 0.7765625 0.38515625 0.01640625 0.03125
0 0.4375 0.39296875 0.0140625 0.03046875
0 0.47265625 0.3859375 0.0140625 0.03203125
0 0.29375 0.37265625 0.01640625 0.02421875
0 0.21328125 0.24921875 0.0390625 0.065625