1 0.28046875 0.2609375 0.0328125 0.05859375
1 0.4859375 0.36171875 0.02109375 0.0453125
1 0.57734375 0.3453125 0.02421875 0.05
0 0.9921875 0.3890625 0.015625 0.04765625
0 0.88828125 0.3859375 0.021875 0.0328125
0 0.85546875 0.384375 0.02265625 0.03046875
0 0.82734375 0.390625 0.01875 0.03125
0 0.803125 0.39296875 0.015625 0.021875
0 0.7640625 0.39140625 0.01953125 0.04140625
0 0.72734375 0.37421875 0.02578125 0.03828125
0 0.6078125 0.371875 0.02421875 0.0296875
0 0.53671875 0.3890625 0.0234375 0.03671875
0 0.421875 0.39765625 0.01796875 0.0265625
0 0.45703125 0.3875 0.01953125 0.0375
0 0.02109375 0.184375 0.0421875 0.09375
0 0.31015625 0.2765625 0.0234375 0.05859375