0 0.25078125 0.2390625 0.0453125 0.0734375
0 0.21640625 0.25703125 0.02109375 0.05
0 0.121875 0.40078125 0.02421875 0.02890625
0 0.38125 0.31796875 0.02421875 0.04140625
0 0.425 0.384375 0.0171875 0.0265625
0 0.45078125 0.37890625 0.01484375 0.02109375
0 0.540625 0.39609375 0.01484375 0.0296875
0 0.63984375 0.38515625 0.01796875 0.03359375
0 0.68046875 0.3765625 0.01796875 0.0359375
0 0.77734375 0.39453125 0.02109375 0.0359375
0 0.8875 0.39296875 0.0203125 0.03984375
1 0.8015625 0.38515625 0.0171875 0.0359375
1 0.66015625 0.39453125 0.0140625 0.02265625
1 0.6046875 0.36875 0.0234375 0.04609375
1 0.4953125 0.33203125 0.02421875 0.0515625
1 0.34921875 0.28515625 0.02734375 0.06171875